1.273  
20.58  1.798  16.48  5.033  
8.149  4.774  84.98  
22.98  1.587  116.8  2.826  5.733  
11.63  188.1  
25.42  11.41  20.23  192.5  
72.22  11.41  20.23  192.5  
 1.09  110.6  153.1  84.97  
37.84  12.08  219.3  125.2  
26.13  11.32  23.08  265.8  121.9  
12.31  168.6    126  192.5  
1.089  51.85  16.24  310.4  45.14  126.2  
365.9  22.18  188.1  
517.7  14.13  84.98  
130.2    308  20.23  192.5  
22.51  87.85  334.8    1.5  62.89  188.1  
 7.83  7.706  62.19  1.063  384.6  122.2  44.34  122.8  
41.23  492.9  144.4    128  
6.739  51.13  2.445  84.28  70.36  3.422    437  188.1  
120.8  34.54    358  202.2  188.1  
28.05  26.98  3.793  3.626  392.1  62.92  284.9  149.3  
23.62  28.05  26.98  3.793  3.626  392.1  62.92  284.9  149.3  
235.5  460.4  44.98  83.43  192.5  
3.291  3.279  235.2  460.4  44.98  83.43  192.5  
163.7  140.5  307.2  221.9  5.067  192.5  
225.8  2.528  1.913  5.314  51.13  2.445  84.28  70.36  3.422  447.5  20.23  192.5  
3.807    270  1.797  229.4  26.18  10.61  1.648  397.3  188.1  
869.9  83.43  192.5  
693.9  322.7  109.4  14.24  84.98  
12.74  3.462  1195  87.04  
132.9  132.9  235.2  460.4  44.98  83.43  192.5

